seq,HOTA(0),LocA(0),HOTALocA(0),HOTA___5,HOTA___10,HOTA___15,HOTA___20,HOTA___25,HOTA___30,HOTA___35,HOTA___40,HOTA___45,HOTA___50,HOTA___55,HOTA___60,HOTA___65,HOTA___70,HOTA___75,HOTA___80,HOTA___85,HOTA___90,HOTA___95,HOTA___AUC,DetA___5,DetA___10,DetA___15,DetA___20,DetA___25,DetA___30,DetA___35,DetA___40,DetA___45,DetA___50,DetA___55,DetA___60,DetA___65,DetA___70,DetA___75,DetA___80,DetA___85,DetA___90,DetA___95,DetA___AUC,AssA___5,AssA___10,AssA___15,AssA___20,AssA___25,AssA___30,AssA___35,AssA___40,AssA___45,AssA___50,AssA___55,AssA___60,AssA___65,AssA___70,AssA___75,AssA___80,AssA___85,AssA___90,AssA___95,AssA___AUC,DetRe___5,DetRe___10,DetRe___15,DetRe___20,DetRe___25,DetRe___30,DetRe___35,DetRe___40,DetRe___45,DetRe___50,DetRe___55,DetRe___60,DetRe___65,DetRe___70,DetRe___75,DetRe___80,DetRe___85,DetRe___90,DetRe___95,DetRe___AUC,DetPr___5,DetPr___10,DetPr___15,DetPr___20,DetPr___25,DetPr___30,DetPr___35,DetPr___40,DetPr___45,DetPr___50,DetPr___55,DetPr___60,DetPr___65,DetPr___70,DetPr___75,DetPr___80,DetPr___85,DetPr___90,DetPr___95,DetPr___AUC,AssRe___5,AssRe___10,AssRe___15,AssRe___20,AssRe___25,AssRe___30,AssRe___35,AssRe___40,AssRe___45,AssRe___50,AssRe___55,AssRe___60,AssRe___65,AssRe___70,AssRe___75,AssRe___80,AssRe___85,AssRe___90,AssRe___95,AssRe___AUC,AssPr___5,AssPr___10,AssPr___15,AssPr___20,AssPr___25,AssPr___30,AssPr___35,AssPr___40,AssPr___45,AssPr___50,AssPr___55,AssPr___60,AssPr___65,AssPr___70,AssPr___75,AssPr___80,AssPr___85,AssPr___90,AssPr___95,AssPr___AUC,LocA___5,LocA___10,LocA___15,LocA___20,LocA___25,LocA___30,LocA___35,LocA___40,LocA___45,LocA___50,LocA___55,LocA___60,LocA___65,LocA___70,LocA___75,LocA___80,LocA___85,LocA___90,LocA___95,LocA___AUC,RHOTA___5,RHOTA___10,RHOTA___15,RHOTA___20,RHOTA___25,RHOTA___30,RHOTA___35,RHOTA___40,RHOTA___45,RHOTA___50,RHOTA___55,RHOTA___60,RHOTA___65,RHOTA___70,RHOTA___75,RHOTA___80,RHOTA___85,RHOTA___90,RHOTA___95,RHOTA___AUC,HOTA_TP___5,HOTA_TP___10,HOTA_TP___15,HOTA_TP___20,HOTA_TP___25,HOTA_TP___30,HOTA_TP___35,HOTA_TP___40,HOTA_TP___45,HOTA_TP___50,HOTA_TP___55,HOTA_TP___60,HOTA_TP___65,HOTA_TP___70,HOTA_TP___75,HOTA_TP___80,HOTA_TP___85,HOTA_TP___90,HOTA_TP___95,HOTA_TP___AUC,HOTA_FN___5,HOTA_FN___10,HOTA_FN___15,HOTA_FN___20,HOTA_FN___25,HOTA_FN___30,HOTA_FN___35,HOTA_FN___40,HOTA_FN___45,HOTA_FN___50,HOTA_FN___55,HOTA_FN___60,HOTA_FN___65,HOTA_FN___70,HOTA_FN___75,HOTA_FN___80,HOTA_FN___85,HOTA_FN___90,HOTA_FN___95,HOTA_FN___AUC,HOTA_FP___5,HOTA_FP___10,HOTA_FP___15,HOTA_FP___20,HOTA_FP___25,HOTA_FP___30,HOTA_FP___35,HOTA_FP___40,HOTA_FP___45,HOTA_FP___50,HOTA_FP___55,HOTA_FP___60,HOTA_FP___65,HOTA_FP___70,HOTA_FP___75,HOTA_FP___80,HOTA_FP___85,HOTA_FP___90,HOTA_FP___95,HOTA_FP___AUC,MOTA,MOTP,MODA,CLR_Re,CLR_Pr,MTR,PTR,MLR,sMOTA,CLR_F1,FP_per_frame,MOTAL,MOTP_sum,CLR_TP,CLR_FN,CLR_FP,IDSW,MT,PT,ML,Frag,CLR_Frames,IDF1,IDR,IDP,IDTP,IDFN,IDFP,Dets,GT_Dets,IDs,GT_IDs
00004garden_View1,0.8894365827386733,0.8501565608577042,0.7561603462821394,0.8894365827386733,0.8894365827386733,0.8894365827386733,0.8893682422203661,0.8892399268618852,0.888682261038161,0.888682261038161,0.8862398754759078,0.8831180329335813,0.8810737426041264,0.8741836620623468,0.864456912885617,0.8407275788678295,0.8021896014933201,0.7550209455757766,0.6585150247370195,0.5059301957515986,0.2897215274894207,0.04725981903207303,0.7638273346464848,0.9322684687452004,0.9322684687452004,0.9322684687452004,0.9319717444717445,0.9316751113158299,0.9307857581338245,0.9307857581338245,0.9257615184448186,0.9204701572279042,0.9157910765950967,0.9001661380456124,0.8808491553296457,0.8412117664276306,0.7794908062234794,0.70983963033433,0.5907194335567075,0.4252860541520335,0.23198198198198197,0.03812195725719944,0.7727217607298561,0.8485725531172769,0.8485725531172769,0.8485725531172769,0.8487122865709634,0.8487375458688994,0.8484832886434756,0.8484832886434756,0.8484054491733216,0.8472816353342989,0.8476725311549065,0.848951146591578,0.848369723367754,0.8402436699983681,0.8255493863509641,0.8030780529816949,0.7340913692198158,0.6018663449560164,0.36183225427103505,0.05858803313469671,0.7582138771375314,0.9668684294361262,0.9668684294361262,0.9668684294361262,0.9667091430391844,0.9665498566422428,0.9660719974514177,0.9660719974514177,0.9633641287034087,0.9604969735584581,0.9579483912073908,0.949346925772539,0.9385154507805034,0.9155782096208984,0.8778273335457152,0.8319528512265053,0.7441860465116279,0.5979611341191462,0.3773494743548901,0.07359031538706594,0.8396908167200415,0.9630334761224814,0.9630334761224814,0.9630334761224814,0.962874821513565,0.9627161669046486,0.9622402030778994,0.9622402030778994,0.9595430747263208,0.9566872917658258,0.9541488180231635,0.9455814691416786,0.9347929557353641,0.9119466920514041,0.8743455497382199,0.8286530223702998,0.7412343328573695,0.5955894018721244,0.3758527685229256,0.07329842931937172,0.8363602962666065,0.9014432764964829,0.9014432764964829,0.9014432764964829,0.9015917215539557,0.9014899554763849,0.9011221617503871,0.9011221617503871,0.8992246278712857,0.8981176115704593,0.8973445686431826,0.895346279840082,0.8916991346182671,0.8831180505962651,0.868908397347521,0.8527479404765127,0.8089727145539697,0.719377121217093,0.5170683114875942,0.10964414985861208,0.8184855125316531,0.9155462851914782,0.9155462851914782,0.9155462851914782,0.9155323696016266,0.9155731515961407,0.9154887689302845,0.9154887689302845,0.9158981325046103,0.9141974246977707,0.9144992816595304,0.9145506690096024,0.9147882770140071,0.9091422610657064,0.8979520868349,0.8846588011654799,0.8335046906304993,0.7385207422385871,0.5276243565317037,0.11176013420043647,0.8360957248518739,0.8501565608577042,0.8501565608577042,0.8501565608577042,0.8502650781033934,0.8503641282839688,0.8506436876226681,0.8506436876226681,0.8519614589372196,0.8532368472554811,0.8542345234457838,0.8571763916645361,0.8604379127083924,0.8662696408059737,0.8745456701893998,0.8826670078146658,0.8949675319799231,0.9114889823376151,0.9315184440771523,0.9613180859455129,0.8711688821772351,0.9057913731622228,0.9057913731622228,0.9057913731622228,0.905791326541518,0.9057301768664184,0.9053706122157655,0.9053706122157655,0.9040593876123852,0.9021149851821857,0.9011251508478384,0.8977467132481114,0.89230493294334,0.8771024997241763,0.8512871528049558,0.8173879592553046,0.7391214743450514,0.5999105618490517,0.3695094193032432,0.06566210350186932,0.7977352204180869,6070.0,6070.0,6070.0,6069.0,6068.0,6065.0,6065.0,6048.0,6030.0,6014.0,5960.0,5892.0,5748.0,5511.0,5223.0,4672.0,3754.0,2369.0,462.0,5271.578947368421,208.0,208.0,208.0,209.0,210.0,213.0,213.0,230.0,248.0,264.0,318.0,386.0,530.0,767.0,1055.0,1606.0,2524.0,3909.0,5816.0,1006.421052631579,233.0,233.0,233.0,234.0,235.0,238.0,238.0,255.0,273.0,289.0,343.0,411.0,555.0,792.0,1080.0,1631.0,2549.0,3934.0,5841.0,1031.421052631579,0.9087288945524052,0.854081724076627,0.9131889136667729,0.9585855367951577,0.9547834364588291,0.7777777777777778,0.2222222222222222,0.0,0.7688537456981748,0.9566807090056434,0.1511134676564157,0.9129584010781552,5139.863815493141,6018,260,285,28,7,2,0,27.0,1886,0.8740858505564388,0.8758961287239126,0.8722830398223068,5498,779,805,6303,6278,65,9
00004garden_View2,0.8892267582057238,0.826579304699388,0.7350164355177781,0.8892267582057238,0.8892267582057238,0.8892267582057238,0.8892267582057238,0.8890995191150131,0.8889725474306109,0.8881838526369192,0.8868410409247639,0.8837422394546021,0.880079671532546,0.8754156259911278,0.8674684605152095,0.8462621318553012,0.7812927009217709,0.6524266896715617,0.492026688796045,0.3137278639796973,0.14422368179051767,0.021660623882024898,0.7299121248063476,0.9615532981869616,0.9615532981869616,0.9615532981869616,0.9615532981869616,0.9613011056826948,0.96104897801774,0.9595375722543352,0.9577772073921971,0.9535151747983096,0.9480270718937556,0.9405927998982317,0.9275966641394996,0.9011714855433699,0.8315524072517709,0.6758211578600462,0.4912023460410557,0.28799392097264437,0.11236692431092314,0.014565043894652832,0.777383318563109,0.8223405078012793,0.8223405078012793,0.8223405078012793,0.8223405078012793,0.8223208630652239,0.8223016809354353,0.822136181943965,0.821158642947809,0.8190748993181306,0.8170022262103038,0.8147548209090631,0.8112378570126685,0.7946984644997549,0.7340707322717404,0.6298420528052499,0.49285241497475607,0.34176128546342666,0.18511203823339403,0.03221292227830465,0.6868367954775971,0.9686528497409327,0.9686528497409327,0.9686528497409327,0.9686528497409327,0.9685233160621761,0.9683937823834197,0.9676165803108808,0.9667098445595855,0.9645077720207254,0.9616580310880829,0.9577720207253886,0.9509067357512954,0.9366580310880829,0.8971502590673575,0.7968911917098446,0.6509067357512953,0.44183937823834196,0.19961139896373056,0.028367875647668395,0.8174802290700844,0.992435301924353,0.992435301924353,0.992435301924353,0.992435301924353,0.9923025879230258,0.9921698739216988,0.9913735899137359,0.9904445919044459,0.9881884538818846,0.9852687458526874,0.9812873258128733,0.9742534837425348,0.9596549435965495,0.9191771731917717,0.8164565361645654,0.6668878566688786,0.4526874585268746,0.20451227604512276,0.029064366290643663,0.8375510774281424,0.8395161074796073,0.8395161074796073,0.8395161074796073,0.8395161074796073,0.8394949380704193,0.8394740573023769,0.8394290450524478,0.8389130359161874,0.8377561530541819,0.8365166207433398,0.8351975292794329,0.8335636055358996,0.8248716576018793,0.789869957378527,0.7198150711901953,0.6114984727501107,0.45636654243662245,0.2621318953867962,0.04831766837830961,0.7248042463155345,0.9589665189708653,0.9589665189708653,0.9589665189708653,0.9589665189708653,0.9589134511175783,0.9588607689519473,0.9583024961011007,0.9574563729722733,0.9556669983073066,0.953521991642776,0.9502508925088748,0.9442923274787318,0.9310348206533519,0.8929890933353939,0.8103895775114872,0.6880617712616144,0.5210259996175377,0.3224361930318209,0.09234037991742461,0.8279689058048779,0.826579304699388,0.826579304699388,0.826579304699388,0.826579304699388,0.8266608100959657,0.8267378061427134,0.8271333021407077,0.8275507048327712,0.8284657334898414,0.8295194453675877,0.8307448160922037,0.8325378202353716,0.8356454544696519,0.8424386976350728,0.8570375546209824,0.8751372259124158,0.8981765604220872,0.9266295252569522,0.9617591371968548,0.8490785164583543,0.8925034881383461,0.8925034881383461,0.8925034881383461,0.8925034881383461,0.8924331510892238,0.892363062358203,0.8919151310088105,0.8909669713759522,0.8888217516799587,0.8863840884469787,0.8833738569925111,0.8783003714731041,0.862763408511895,0.8115243358220113,0.7084600087859232,0.5663929348414943,0.3885918088111186,0.19222505798359213,0.03022932638083345,0.7491978535849997,7478.0,7478.0,7478.0,7478.0,7477.0,7476.0,7470.0,7463.0,7446.0,7424.0,7394.0,7341.0,7231.0,6926.0,6152.0,5025.0,3411.0,1541.0,219.0,6310.9473684210525,242.0,242.0,242.0,242.0,243.0,244.0,250.0,257.0,274.0,296.0,326.0,379.0,489.0,794.0,1568.0,2695.0,4309.0,6179.0,7501.0,1409.0526315789473,57.0,57.0,57.0,57.0,58.0,59.0,65.0,72.0,89.0,111.0,141.0,194.0,304.0,609.0,1383.0,2510.0,4124.0,5994.0,7316.0,1224.0526315789473,0.9457253886010363,0.8294826587066997,0.9477979274611399,0.9619170984455958,0.9855341738553417,0.9,0.1,0.0,0.7817018424295274,0.9735824319895117,0.057794273594909865,0.9476419533701222,6159.738223555952,7426,294,109,16,9,1,0,33.0,1886,0.8502130449033104,0.8400259067357513,0.860650298606503,6485,1235,1050,7535,7720,39,10
00006garden_View1,0.8848147874130667,0.8521372468137687,0.7539836368862807,0.8848147874130667,0.8848147874130667,0.8846763543977014,0.8844654313398458,0.8837630548403754,0.8826240799897069,0.8814511929909955,0.8802442434359418,0.8782619367894543,0.8745338971773858,0.8675391739670976,0.8557214845121491,0.8341590811418202,0.7919674559571882,0.7320932127112735,0.6544211783712882,0.5343058083731995,0.3262939701439083,0.07472677450826487,0.7626777844986175,0.9166666666666666,0.9166666666666666,0.9161747722314898,0.9154988294904275,0.9143324145888084,0.9124935963114754,0.9103527680941568,0.9082776908086003,0.9049912294689842,0.8995388774049928,0.8892649291497976,0.8713891847860141,0.8402550988970362,0.7805699636320277,0.693775698284418,0.5794748393579607,0.4306483677037676,0.23707646425316875,0.047397769516728624,0.7623603067006941,0.8540696814816332,0.8540696814816332,0.8542608634858313,0.8544839971784574,0.8542157366826361,0.8537323108092914,0.8534671754245596,0.8530760316399668,0.8523221048957125,0.8502239942298034,0.8463442037313649,0.8403354916959364,0.8281072897560968,0.8035313687665518,0.7725270190686233,0.7390606970535103,0.6629136861322431,0.44908614310435785,0.1178133672817285,0.7680863602052599,0.9193807929969104,0.9193807929969104,0.9191233264675592,0.9187693099897013,0.9181578269824923,0.9171923274974253,0.916065911431514,0.9149716786817713,0.9132337796086509,0.91033728115345,0.9048339340885685,0.8951145726055613,0.8777355818743563,0.8427201338825953,0.7873970133882595,0.7052651905252317,0.5786560247167868,0.3684024201853759,0.08699150360453141,0.800722600140929,0.9967898391430267,0.9967898391430267,0.9965106947206811,0.996126871139956,0.9954639031368855,0.9944171115530898,0.9931958547053281,0.9920094909103597,0.9901252660595276,0.9869848913081406,0.9810181792805053,0.9704804773369622,0.9516382288286402,0.9136745873896507,0.8536934296381591,0.764646358909941,0.627377089221536,0.39942077532363307,0.09431592169998954,0.8681409899710022,0.8650468550993917,0.8650468550993917,0.8652385412986022,0.8654673612323732,0.865404563087556,0.8653143961854883,0.8653988388810823,0.8653260280783511,0.8651634403540515,0.8642269628650582,0.8623393021028054,0.8595936667762586,0.853317718318711,0.8382270881204924,0.8171077684269308,0.7936619587683147,0.7456170343579798,0.5859308976383371,0.2019817205675042,0.8004953156451936,0.9553300741824524,0.9553300741824524,0.9553881426586042,0.9555570301227156,0.9552109851483755,0.9545683584071932,0.9540156851856293,0.9532646176784023,0.9523759065584401,0.9507114396121408,0.9472579751383446,0.9409648261857595,0.9290618463518394,0.9062837086322914,0.8739940456108524,0.837572331590579,0.7727178922143325,0.6009665562620269,0.2098714792818671,0.8716022618423316,0.8521372468137687,0.8521372468137687,0.8523407233932737,0.8525994382679946,0.8530142787525543,0.8536190369411691,0.8542709951947349,0.8548389299657867,0.8556469083072158,0.8568496331341335,0.8588521895566461,0.8619172015954806,0.8665556510198754,0.8744295339675715,0.8847959898435032,0.8973928685491801,0.91280976832315,0.9331317779080825,0.9624715825053335,0.8731479474133274,0.8861237278366959,0.8861237278366959,0.8860988017812387,0.8860438321465215,0.8856098828303454,0.8848936236694946,0.8842127492477018,0.8834819798461111,0.8822524226648021,0.8797673552016952,0.8751005401982722,0.8672926521622861,0.8525603989328051,0.8228924976361212,0.7799265783241196,0.7219652230662876,0.6193536940615075,0.40674859802015484,0.10123616925067082,0.783772866037554,28567.0,28567.0,28559.0,28548.0,28529.0,28499.0,28464.0,28430.0,28376.0,28286.0,28115.0,27813.0,27273.0,26185.0,24466.0,21914.0,17980.0,11447.0,2703.0,24880.052631578947,2505.0,2505.0,2513.0,2524.0,2543.0,2573.0,2608.0,2642.0,2696.0,2786.0,2957.0,3259.0,3799.0,4887.0,6606.0,9158.0,13092.0,19625.0,28369.0,6191.9473684210525,92.0,92.0,100.0,111.0,130.0,160.0,195.0,229.0,283.0,373.0,544.0,846.0,1386.0,2474.0,4193.0,6745.0,10679.0,17212.0,25956.0,3778.9473684210525,0.8955973223480947,0.8560326794779396,0.9035466014418125,0.9129441297631308,0.9898112285843889,0.8387096774193549,0.12903225806451613,0.03225806451612903,0.7641632021997525,0.9498250489695468,0.24333333333333335,0.9034695965192695,24283.079018750712,28367,2705,292,247,26,4,1,288.0,1200,0.8884312740666331,0.8539474107688841,0.9258173697616805,26533,4538,2126,28659,31072,209,31
00006garden_View2,0.9336158688158832,0.8932546509471322,0.8339567170178354,0.9336158688158832,0.9336158688158832,0.9336158688158832,0.9336158688158832,0.9335461713155808,0.93333562800896,0.9318875507386797,0.9305430933005752,0.9283919099095788,0.9252648933907887,0.922150762170672,0.9168222822396064,0.9034241754449474,0.8797557649737123,0.851449738325049,0.8031915107551202,0.678241619333697,0.47655876096103744,0.1631484543005028,0.8374829363385284,0.9655479655479655,0.9655479655479655,0.9655479655479655,0.9655479655479655,0.9652561247216036,0.9643811219946572,0.9611794339902208,0.9591474245115453,0.9562518474726575,0.952212389380531,0.9473297042813006,0.9384885764499121,0.9179829010288364,0.8806479113384484,0.8452530322040988,0.7886486486486487,0.6545,0.4269081500646831,0.13564993564993566,0.850317319154155,0.9027398136664978,0.9027398136664978,0.9027398136664978,0.9027398136664978,0.9028779322476072,0.9032895549729619,0.9034883358007542,0.9027918194435811,0.9013436582251418,0.8990800082935485,0.8976410475981913,0.8956561841068951,0.8890963435851021,0.8788645224039275,0.8576918736432767,0.8180025465769848,0.7028444525536983,0.5319838766589695,0.1962213842056907,0.825885936578017,0.9805459206756145,0.9805459206756145,0.9805459206756145,0.9805459206756145,0.9803951138591465,0.9799426934097422,0.978283818428593,0.9772281707133162,0.9757201025486352,0.9736088071180817,0.971045091238124,0.9663700799276127,0.9553611823254411,0.9347006484693108,0.9143417282461167,0.880108580907857,0.7896244910269944,0.5971949932136933,0.238425576836073,0.896554461103747,0.9844057532172596,0.9844057532172596,0.9844057532172596,0.9844057532172596,0.9842543527630583,0.9838001514004542,0.9821347464042393,0.9810749432248297,0.979560938682816,0.977441332323997,0.9748675246025738,0.9701741105223316,0.9591218773656321,0.9383800151400454,0.9179409538228614,0.8835730507191522,0.7927327781983345,0.5995457986373959,0.23936411809235428,0.9000836686720587,0.947615507548933,0.947615507548933,0.947615507548933,0.947615507548933,0.9477605290209641,0.9481928874638608,0.9482565523262573,0.9477570554030308,0.9465015268476188,0.944368422331265,0.9433303381878254,0.9421961823798167,0.9374444485115405,0.9277453979726883,0.9140257729707313,0.886820770742797,0.8078890940715098,0.6724546867149714,0.325023208080515,0.8858015212221645,0.9303159712563872,0.9303159712563872,0.9303159712563872,0.9303159712563872,0.930305252285653,0.9301704799080275,0.9302252537396878,0.9297167302964453,0.928908773937445,0.9277680863515055,0.926449959865158,0.9238779551766766,0.9180039636910329,0.9111948258963039,0.8994685112289794,0.8753374831028352,0.7986049635409204,0.6665503581504509,0.3223233736934072,0.8705352555731621,0.8932546509471322,0.8932546509471322,0.8932546509471322,0.8932546509471322,0.8933562494569319,0.8936435076653317,0.894617527804571,0.8951749066021365,0.8959084606235221,0.8968130461643313,0.8977937150348354,0.8993117228120384,0.9024286826426211,0.9074556502535779,0.9114567480485438,0.9167481788503208,0.926619910221418,0.9424881871380979,0.9649240007737456,0.905882057783187,0.9408389031721365,0.9408389031721365,0.9408389031721365,0.9408389031721365,0.940838515998789,0.9408357983352311,0.940142552516828,0.9392729093558471,0.9377948211815831,0.9356025942559142,0.9336219432747235,0.9303415169834359,0.9216334054322737,0.9063527122525878,0.8855639277034965,0.8484875134301525,0.7449719411621223,0.5636471481442512,0.21629654809269266,0.8604610242530776,6502.0,6502.0,6502.0,6502.0,6501.0,6498.0,6487.0,6480.0,6470.0,6456.0,6439.0,6408.0,6335.0,6198.0,6063.0,5836.0,5236.0,3960.0,1581.0,5945.0526315789475,129.0,129.0,129.0,129.0,130.0,133.0,144.0,151.0,161.0,175.0,192.0,223.0,296.0,433.0,568.0,795.0,1395.0,2671.0,5050.0,685.9473684210526,103.0,103.0,103.0,103.0,104.0,107.0,118.0,125.0,135.0,149.0,166.0,197.0,270.0,407.0,542.0,769.0,1369.0,2645.0,5024.0,659.9473684210526,0.956718443673654,0.8970340812315624,0.9607902277182929,0.9784346252450611,0.9822861468584406,0.9333333333333333,0.0,0.06666666666666667,0.8559730235304444,0.9803566032033847,0.0975,0.9605743683058122,5819.957119030377,6488,143,117,27,14,0,1,27.0,1200,0.9313992142641281,0.9295732167093953,0.9332323996971991,6164,467,441,6605,6631,63,15
00016court1_View1,0.9961650985354897,0.9026554762649485,0.8991938814570718,0.9961650985354897,0.9961650985354897,0.9961650985354897,0.9961650985354897,0.9961650985354897,0.9961650985354897,0.9961650985354897,0.9961650985354897,0.9961650985354897,0.9961650985354897,0.9955774643912616,0.9949905598875792,0.9938189357367531,0.9920669464621481,0.9756456780043096,0.9195863181590748,0.7752468028382082,0.42694729654603447,0.07323800468672448,0.9004615258982627,0.995576526098496,0.995576526098496,0.995576526098496,0.995576526098496,0.995576526098496,0.995576526098496,0.995576526098496,0.995576526098496,0.995576526098496,0.995576526098496,0.9949882075471698,0.9944002357795462,0.9932253313696613,0.9914655679811654,0.9746133644587103,0.9186277289481145,0.7737876802096986,0.4261327713382508,0.07310497938471297,0.8997953225264204,0.9967540189291743,0.9967540189291743,0.9967540189291743,0.9967540189291743,0.9967540189291743,0.9967540189291743,0.9967540189291743,0.9967540189291743,0.9967540189291743,0.9967540189291743,0.99616707020796,0.995581234440574,0.994412894873436,0.9926686897123059,0.9766790849796682,0.9205459076591035,0.7767086769176643,0.4277633786660266,0.07337127204791068,0.9011283367787575,0.9994079336885732,0.9994079336885732,0.9994079336885732,0.9994079336885732,0.9994079336885732,0.9994079336885732,0.9994079336885732,0.9994079336885732,0.9994079336885732,0.9994079336885732,0.9991119005328597,0.9988158673771462,0.9982238010657194,0.9973357015985791,0.9887507400828893,0.9591474245115453,0.8738898756660746,0.5985790408525755,0.1364712847838958,0.9233897354398427,0.9961640601947477,0.9961640601947477,0.9961640601947477,0.9961640601947477,0.9961640601947477,0.9961640601947477,0.9961640601947477,0.9961640601947477,0.9961640601947477,0.9961640601947477,0.995868987902036,0.9955739156093243,0.9949837710239009,0.9940985541457658,0.985541457657126,0.9560342283859545,0.8710534080849808,0.5966361758630865,0.13602832694010034,0.9203926014505133,0.9979300402607814,0.9979300402607814,0.9979300402607814,0.9979300402607814,0.9979300402607814,0.9979300402607814,0.9979300402607814,0.9979300402607814,0.9979300402607814,0.9979300402607814,0.9976347890178736,0.9973397313963673,0.9967501977066034,0.9958673536443635,0.9878850311113891,0.9582988500452189,0.8742469125271872,0.5990723074726615,0.13669823072193066,0.9222680950658635,0.9988181132253425,0.9988181132253425,0.9988181132253425,0.9988181132253425,0.9988181132253425,0.9988181132253425,0.9988181132253425,0.9988181132253425,0.9988181132253425,0.9988181132253425,0.998523125115165,0.9982283307823655,0.9976393241385009,0.9967572718184086,0.9884834611170494,0.9589157501127822,0.8742469125271872,0.5990723074726615,0.13669823072193066,0.9229866234768145,0.9026554762649485,0.9026554762649485,0.9026554762649485,0.9026554762649485,0.9026554762649485,0.9026554762649485,0.9026554762649485,0.9026554762649485,0.9026554762649485,0.9026554762649485,0.9027707330300037,0.9028738623488096,0.9030482316332833,0.9032394812324791,0.9047390812723541,0.9086139661628595,0.9163861016842517,0.9330557164365035,0.9609878785747361,0.9085405165802508,0.998080094207768,0.998080094207768,0.998080094207768,0.998080094207768,0.998080094207768,0.998080094207768,0.998080094207768,0.998080094207768,0.998080094207768,0.998080094207768,0.997638398801753,0.9971972393775325,0.9963165258838814,0.9949994593511923,0.9826963763529029,0.9396484643077282,0.8238676162468938,0.5060140244239948,0.10006533746811186,0.9115391781206142,3376.0,3376.0,3376.0,3376.0,3376.0,3376.0,3376.0,3376.0,3376.0,3376.0,3375.0,3374.0,3372.0,3369.0,3340.0,3240.0,2952.0,2022.0,461.0,3119.2105263157896,2.0,2.0,2.0,2.0,2.0,2.0,2.0,2.0,2.0,2.0,3.0,4.0,6.0,9.0,38.0,138.0,426.0,1356.0,2917.0,258.7894736842105,13.0,13.0,13.0,13.0,13.0,13.0,13.0,13.0,13.0,13.0,14.0,15.0,17.0,20.0,49.0,149.0,437.0,1367.0,2928.0,269.7894736842105,0.9937833037300178,0.9026554762649485,0.9955595026642984,0.9994079336885732,0.9961640601947477,0.6666666666666666,0.0,0.3333333333333333,0.8964964144080717,0.9977833604255948,0.007348784624081402,0.9953291440940251,3047.364887870466,3376,2,13,6,2,0,1,2.0,1769,0.9968967045958327,0.9985198342214328,0.9952788433166125,3373,5,16,3389,3378,14,3
00016court1_View2,0.9998587071699059,0.8535730308710168,0.853452427121793,0.9998587071699059,0.9998587071699059,0.9998587071699059,0.9998587071699059,0.9998587071699059,0.9998587071699059,0.9998587071699059,0.9998587071699059,0.9998587071699059,0.9998587071699059,0.9992938551835634,0.9981647889435576,0.9903158794875982,0.9780649712820566,0.9047470780027622,0.7044766883398766,0.40221989827857646,0.12186085066543226,0.011869045246053209,0.847873690901502,0.9997174343034756,0.9997174343034756,0.9997174343034756,0.9997174343034756,0.9997174343034756,0.9997174343034756,0.9997174343034756,0.9997174343034756,0.9997174343034756,0.9997174343034756,0.9991525423728813,0.9980237154150198,0.9901574803149606,0.9779206260480715,0.9044671689989235,0.702020202020202,0.4013861386138614,0.12102011721843814,0.011867314841292536,0.84753629730939,1.0,1.0,1.0,1.0,1.0,1.0,1.0,1.0,1.0,1.0,0.9994351879804935,0.9983058824132455,0.9904743039999404,0.9782093378220107,0.9050270736311387,0.7069417703168007,0.40305538982965133,0.12270742473417705,0.011870775903128806,0.8482119550858205,1.0,1.0,1.0,1.0,1.0,1.0,1.0,1.0,1.0,1.0,0.9997173544375353,0.999152063312606,0.9951950254381006,0.9889768230638779,0.9499717354437536,0.8250423968343698,0.5729225551158846,0.21594120972300734,0.023459581684567552,0.8721251971080894,0.9997174343034756,0.9997174343034756,0.9997174343034756,0.9997174343034756,0.9997174343034756,0.9997174343034756,0.9997174343034756,0.9997174343034756,0.9997174343034756,0.9997174343034756,0.9994348686069511,0.9988697372139023,0.99491381746256,0.9886973721390223,0.9497033060186494,0.824809268154846,0.5727606668550438,0.21588019214467363,0.02345295281152868,0.8718787644443122,1.0,1.0,1.0,1.0,1.0,1.0,1.0,1.0,1.0,1.0,0.9997174343486358,0.999152143268918,0.9952047386198838,0.9889807812326579,0.9500633156334363,0.8269674658399744,0.5740772605439901,0.218308921241036,0.02346298705279002,0.8724176340937537,1.0,1.0,1.0,1.0,1.0,1.0,1.0,1.0,1.0,1.0,0.9997174343486358,0.999152143268918,0.9952047386198838,0.9889807812326579,0.9500633156334363,0.8269674658399744,0.5740772605439901,0.218308921241036,0.02346298705279002,0.8724176340937537,0.8535730308710168,0.8535730308710168,0.8535730308710168,0.8535730308710168,0.8535730308710168,0.8535730308710168,0.8535730308710168,0.8535730308710168,0.8535730308710168,0.8535730308710168,0.8536642834471371,0.8538191951214442,0.8546794003818055,0.8557577054813527,0.8609036265371974,0.8731366853402834,0.8936265506633433,0.9250460978858015,0.9613716738225438,0.8667229224942671,1.0,1.0,1.0,1.0,1.0,1.0,1.0,1.0,1.0,1.0,0.9995762612525568,0.9987288832462522,0.9928318589595146,0.983578346249363,0.9272271241507953,0.7637125981706114,0.48054086589428874,0.16278080273512927,0.01668782301436129,0.8592455033512036,3538.0,3538.0,3538.0,3538.0,3538.0,3538.0,3538.0,3538.0,3538.0,3538.0,3537.0,3535.0,3521.0,3499.0,3361.0,2919.0,2027.0,764.0,83.0,3085.5789473684213,0.0,0.0,0.0,0.0,0.0,0.0,0.0,0.0,0.0,0.0,1.0,3.0,17.0,39.0,177.0,619.0,1511.0,2774.0,3455.0,452.42105263157896,1.0,1.0,1.0,1.0,1.0,1.0,1.0,1.0,1.0,1.0,2.0,4.0,18.0,40.0,178.0,620.0,1512.0,2775.0,3456.0,453.42105263157896,0.9997173544375353,0.8535730308710168,0.9997173544375353,1.0,0.9997174343034756,1.0,0.0,0.0,0.8532903853085521,0.9998586971880741,0.0005652911249293386,0.9997173544375353,3019.9413832216574,3538,0,1,0,2,0,0,0.0,1769,0.9998586971880741,1.0,0.9997174343034756,3538,0,1,3539,3538,3,2
COMBINED,0.9055015457154597,0.8564560895036575,0.7755223128829799,0.9055015457154597,0.9055015457154597,0.9054274623876636,0.905307318454571,0.9049002833362276,0.9042019088044542,0.9033170607786838,0.9020847333655253,0.9000491575911502,0.8970316862220623,0.8915670321725921,0.8825380981723498,0.8637471651858186,0.82535641932057,0.7632618708603741,0.6703331712998083,0.5283620754937598,0.3178309050988214,0.0799498225588212,0.7819089085544302,0.9393565193856147,0.9393565193856147,0.939094107299912,0.9387006222943723,0.9379796477230468,0.9367683081341329,0.9350684422839975,0.9329478014567035,0.9297268182659777,0.9251255184457542,0.9163086900563291,0.9017815672483578,0.8743276603397256,0.8209787321907909,0.7359710487265679,0.6138145577905716,0.44597474995900965,0.2388377420470263,0.0504773772654804,0.7869787594894204,0.8728667256489189,0.8728667256489189,0.8729677710393198,0.8731019468637243,0.8729875160615018,0.8727676681484741,0.8726438358894071,0.8722426537696448,0.8713188327636128,0.8697909959702175,0.8674934347814368,0.8637052729989548,0.8532947077033474,0.8297574494967095,0.791564674340495,0.7320558869803988,0.6259692568822165,0.42295025639643774,0.12663047237119882,0.780893478092365,0.9473531569339952,0.9473531569339952,0.9472166777555999,0.9470119589880069,0.9466366412474196,0.9460054250473412,0.9451183103877715,0.9440094170633093,0.9423204872306669,0.9398979818141495,0.9352235699541088,0.9274271968882747,0.9123633075728884,0.8817919716123309,0.8291963082382244,0.7439138816384325,0.6032379685074296,0.37707491000904175,0.09398297422249519,0.8293229106339727,0.9910940567553097,0.9910940567553097,0.9909512761020882,0.9907371051222559,0.9903444583258968,0.9896840978047474,0.9887560235588078,0.9875959307513832,0.9858290201677673,0.9832946635730858,0.9784044262002499,0.9702480813849723,0.9544886667856506,0.9225058004640371,0.867481706228806,0.7782616455470284,0.6310904872389791,0.39448509726932,0.0983223273246475,0.8676141540715971,0.8919317767678241,0.8919317767678241,0.8920342468349421,0.8921732932987841,0.8921529401718142,0.8921261296068577,0.8921824097171451,0.8918228074384676,0.891345064659323,0.8904110765293995,0.8889731095180089,0.8869190552459353,0.8810249023059202,0.8662331034208446,0.8416418175636615,0.8012406741595803,0.7250548941322997,0.5599721235533804,0.21528784925884523,0.8202346868921504,0.9540320938665667,0.9540320938665667,0.9540617751476194,0.9541475396097616,0.9539662338219703,0.9536064319985691,0.9532570877945716,0.9527556927811811,0.9517918636840119,0.9505617751925706,0.9482025257506199,0.9439006744693984,0.9345564142850058,0.9156980315492804,0.8833947755747211,0.8332678760774134,0.7457302413765827,0.5720369218400544,0.2203116536211423,0.8699637738056635,0.8564560895036575,0.8564560895036575,0.8565613726903655,0.8567072395520997,0.8569556491351064,0.8573421431479881,0.8578429515091314,0.8584039804575867,0.8591759852626507,0.8601607943945452,0.8618220229757312,0.864212796094762,0.868113929641747,0.8747293201361691,0.8840977551489545,0.8963687978180354,0.9125018145370825,0.9338953921476627,0.9629096025482613,0.8755112487476419,0.9093475947766854,0.9093475947766854,0.9093347193809196,0.9093063208268478,0.9090665377492386,0.9086489690052887,0.9081583935339145,0.9074168166409725,0.906124487597076,0.9041652513299361,0.9007221030862111,0.894999307415957,0.882334846787016,0.8553791307670082,0.8101620243475566,0.7379610670352834,0.6144985133177571,0.39935439132303013,0.1090922014657545,0.8044958037454283,55531.0,55531.0,55523.0,55511.0,55489.0,55452.0,55400.0,55335.0,55236.0,55094.0,54820.0,54363.0,53480.0,51688.0,48605.0,43606.0,35360.0,22103.0,5509.0,48612.42105263158,3086.0,3086.0,3094.0,3106.0,3128.0,3165.0,3217.0,3282.0,3381.0,3523.0,3797.0,4254.0,5137.0,6929.0,10012.0,15011.0,23257.0,36514.0,53108.0,10004.578947368422,499.0,499.0,507.0,519.0,541.0,578.0,630.0,695.0,794.0,936.0,1210.0,1667.0,2550.0,4342.0,7425.0,12424.0,20670.0,33927.0,50521.0,7417.578947368421,0.9224627667741441,0.8597602819611742,0.9279901734991556,0.9419281095927803,0.9854185257897555,0.8571428571428571,0.1,0.04285714285714286,0.7903670342720083,0.9631826388828316,0.08414006179196705,0.9279473438591158,47469.94444792231,55213,3404,817,324,60,7,3,377.0,9710,0.9000130838675913,0.8801671926981148,0.9207745850437266,51591,7024,4439,56030,58617,393,70
